1:Кузнецов Никита Дмитриевич:5 4 3 2 5 3 4 5 5 5 
2:Антонов Иван Львович:5 5 5 5 3 4 5 5 5 4
3:Гордеев Кирилл Максимович:5 4 4 4 3 5 4 3 4 3
4:Жукова Диана Александровна:5 4 5 4 4 4 4 3 4 4 
5:Соколова Диана Марковна:5 4 3 4 4 3 4 3 4 3
6:Малинин Николай Григорьевич:5 5 5 5 5 5 5 5 5 5
7:Миронова Анна Данииловна:4 3 5 5 4 3 4 3 3 3
8:Филиппова Александра Лукинична:4 4 4 4 4 4 4 4 3 4
9:Черкасова София Николаевна:4 3 4 4 4 3 3 3 4 2
10:Зверева Варвара Ярославовна:4 5 4 5 4 4 4 5 4 4
11:Корнева Стефания Игоревна:5 4 3 4 3 4 2 3 5 4
12:Платонова Виктория Даниловна:3 2 4 3 5 3 4 3 2 2
13:Зуев Руслан Владиславович:4 5 3 4 4 5 4 4 4 3
14:Журавлева Ксения Тимофеевна:4 5 4 3 2 3 4 3 2 2
15:Филимонов Руслан Кириллович:4 3 3 2 3 4 4 5 5 5